000001
000002
000063
000066
000069
000100
000157
000166
000333
000338
000425
000538
000568
000596
000625
000627
000651
000656
000661
000671
000703
000708
000709
000723
000725
000728
000768
000776
000783
000786
000858
000860
000876
000895
000938
000961
000963
000977
001979
002001
002007
002008
002024
002027
002032
002044
002050
002120
002129
002142
002146
002153
002157
002179
002202
002230
002236
002241
002252
002271
002304
002311
002352
002371
002410
002415
002422
002456
002460
002463
002466
002468
002475
002493
002508
002555
002558
002594
002601
002602
002607
002624
002673
002714
002736
002739
002773
300003
300014
300015
300033
300059
300122
300124
300136
300142
300144
300347
300408
300413
300433
300498
600000
600004
600009
600010
600011
600015
600016
600018
600019
600027
600028
600029
600030
600031
600036
600038
600048
600050
600061
600066
600068
600085
600089
600104
600109
600111
600115
600118
600170
600176
600177
600183
600188
600196
600208
600219
600221
600233
600271
600276
600297
600299
600309
600332
600340
600346
600352
600362
600369
600372
600383
600390
600398
600406
600436
600438
600482
600487
600489
600498
600516
600519
600522
600547
600570
600583
600585
600588
600606
600637
600655
600660
600674
600690
600703
600705
600741
600745
600760
600795
600809
600837
600848
600867
600886
600887
600893
600900
600958
600998
600999
601006
601009
601012
601018
601021
601088
601100
601111
601117
601155
601166
601169
601186
601198
601211
601216
601225
601231
601238
601288
601318
601328
601336
601360
601377
601390
601398
601555
601600
601601
601607
601618
601628
601633
601668
601669
601688
601727
601766
601788
601800
601808
601818
601857
601877
601888
601898
601899
601901
601919
601933
601939
601985
601988
601989
601992
601998
603019
603288
603369
603799
603899
603993
000402
603858
000413
000415
000423
000503
000553
000630
000792
000826
000898
000959
000983
001965
002065
002081
002085
002294
002310
002411
002572
002625
002797
002925
300017
300024
300070
300072
300251
300296
600023
600100
600153
600157
600339
600415
600518
600535
600549
600566
600688
600704
600739
600816